version https://git-lfs.github.com/spec/v1
oid sha256:33b54dd104a9ef52dc1efa2ae525740e63945aa55162fad33a72f92a713c224c
size 493591
